0.000000000000000000e+00
0.000000000000000000e+00
0.000000000000000000e+00
8.333333333333333218e-03
8.333333333333333218e-03
1.666666666666666644e-02
1.666666666666666644e-02
2.500000000000000139e-02
2.500000000000000139e-02
3.333333333333333287e-02
3.333333333333333287e-02
4.166666666666666435e-02
4.166666666666666435e-02
5.000000000000000278e-02
5.000000000000000278e-02
5.833333333333333426e-02
5.833333333333333426e-02
8.333333333333332871e-02
8.333333333333332871e-02
1.000000000000000056e-01
1.000000000000000056e-01
1.166666666666666685e-01
1.166666666666666685e-01
1.250000000000000000e-01
1.250000000000000000e-01
1.416666666666666630e-01
1.416666666666666630e-01
1.583333333333333259e-01
1.583333333333333259e-01
2.083333333333333426e-01
2.083333333333333426e-01
2.166666666666666741e-01
2.166666666666666741e-01
1.000000000000000000e+00
