0.000000000000000000e+00
0.000000000000000000e+00
0.000000000000000000e+00
8.264462809917355601e-03
8.264462809917355601e-03
2.479338842975206680e-02
2.479338842975206680e-02
3.305785123966942241e-02
3.305785123966942241e-02
7.438016528925620041e-02
7.438016528925620041e-02
8.264462809917355601e-02
8.264462809917355601e-02
1.074380165289256228e-01
1.074380165289256228e-01
1.652892561983471120e-01
1.652892561983471120e-01
1.818181818181818232e-01
1.818181818181818232e-01
1.900826446280991788e-01
1.900826446280991788e-01
1.983471074380165344e-01
1.983471074380165344e-01
2.231404958677686012e-01
2.231404958677686012e-01
4.297520661157024913e-01
4.297520661157024913e-01
8.429752066115702158e-01
8.429752066115702158e-01
1.000000000000000000e+00
