0.000000000000000000e+00
8.403361344537814762e-03
8.151260504201680579e-01
8.151260504201680579e-01
8.319327731092437395e-01
8.319327731092437395e-01
8.487394957983193100e-01
8.487394957983193100e-01
8.655462184873949916e-01
8.655462184873949916e-01
8.823529411764705621e-01
8.823529411764705621e-01
9.159663865546218142e-01
9.159663865546218142e-01
9.327731092436974958e-01
9.327731092436974958e-01
9.495798319327730663e-01
9.495798319327730663e-01
9.579831932773109626e-01
9.579831932773109626e-01
9.663865546218487479e-01
9.663865546218487479e-01
9.747899159663865332e-01
9.747899159663865332e-01
9.831932773109243184e-01
9.831932773109243184e-01
9.915966386554622147e-01
9.915966386554622147e-01
1.000000000000000000e+00
1.000000000000000000e+00
