0.000000000000000000e+00
0.000000000000000000e+00
0.000000000000000000e+00
0.000000000000000000e+00
0.000000000000000000e+00
0.000000000000000000e+00
0.000000000000000000e+00
7.575757575757575968e-03
7.575757575757575968e-03
1.515151515151515194e-02
1.515151515151515194e-02
2.272727272727272790e-02
2.272727272727272790e-02
3.030303030303030387e-02
3.030303030303030387e-02
4.545454545454545581e-02
4.545454545454545581e-02
6.060606060606060774e-02
6.060606060606060774e-02
6.818181818181817677e-02
6.818181818181817677e-02
7.575757575757575968e-02
7.575757575757575968e-02
8.333333333333332871e-02
8.333333333333332871e-02
9.090909090909091161e-02
9.090909090909091161e-02
9.848484848484848064e-02
9.848484848484848064e-02
1.287878787878787845e-01
1.287878787878787845e-01
1.666666666666666574e-01
1.666666666666666574e-01
1.893939393939393923e-01
1.893939393939393923e-01
3.106060606060606077e-01
3.106060606060606077e-01
5.378787878787878451e-01
5.378787878787878451e-01
1.000000000000000000e+00
